10
20
53
sqrt4 = 2.0
sqrt9 = 3.0
10
20
pow2 = 4.0
pow8 = 256.0
exp1 = 2.718281828459045
exp2 = 7.38905609893065
log1 = 0.0
log10 = 2.302585092994046
log10_1 = 0.0
log10_100 = 2.0
sin = 1.2246467991473532E-16
cos = -1.0
tan = -1.2246467991473532E-16
roundedDown= 23.0
roundedUp = 24.0
ceil = 8.0
floor= 7.0
degrees = 180.0
radians = 3.141592653589793
